2732242654272097366095379142964211543969508237525836228081831724895370113420013644090227148546148547506320027614550094701102755069960243919099189044265790 4195468447335935344861119239624805563034827137275720421134206106432937712972410633656207514215505720381884003173962280253583037885284781529370578681732651
5890600136374368482388729397539409802730372406303501287140466039351125995027688788290844818797294234165986052645108051820593291275921745232434082551142804 3059893019848448536625346502568799887456801744665528089673707207151031327628581513232113542003106422372216157576270669831162486786546190124567324975928371
3173197585628652987793414069878829000877094382011803039690746540978788884950333096368897423552460747240376136873285525925768335778191372393800311508642933 11967946238633795965892434647159538661107817984463854030740076075375518508651135547104917083782414720492731130323050755213863032040916701879382167264636306
3223145839399082814517147428741948040483776456910942501441539853278802466833439514099113664060621978196483463426076575431827309224109138162956579017340604 7891327273526406813147708021747247988135317615828198298079740632088753303306893689305408374110470980657557830472242531539601254126424592992855284959411436
5628008336345469856911557061000765225739387295114411810158079471310266925718738268598292420186187704245613400501423180274994566202830073622117556945048217 1151399110597770977217015586559188641751139167958813066631152028951262419348395099372526558702978374074984792207887719045078656455144999481847150153165852
7581649491012780285676510423785594404767237998004833133573365664046361650713603441211044163005434191876408339634682246558517265023376832109796348092597124 7311371422216750658037641280865351253126941632516078661548698496116105187294257738304481949430523002936719209803114160863537641626463644835519064882101801
9815165278729253376588575277150724504123229303981258575584305866586051199031504225897769453646076008982902353464073062516161244044584999604222625045092614 4246371781072572991425680058351638877855503070810541085940575653641664329105035358579377642215565427160926068799489158598370518559453225911658169955604636
11549690594239199256312100989493671528916344109808526061867139242785953054320102695535662365925789828443393485071980653086365384300020985980731883530947518 5108630600671037768385752718240049364949342196557248006878341294088262197926783677070707619656313629787278312092770970083342304636005684348366490778725965
9489051452102446852929474272015323337562211163240367095849514862838835093065496572843482841783809207080279510422022952622243612926361766943947973208409855 5685549738032344310130053234381403828999597561582229231674321223797449213996754295706791262962014543666223363964108973568395058412848004521110119601696419
1627593462875114400511052146457734814813492765069398081173673017549384562375960140847423538699671169870805643911536495726081215500183107464486784863175158 4966260903442502933839617345191631296056451512967197108945780170421694914070664736667829452028779093744551232725301758625081403378925056561774946179154055
11030486518842039388168953817328784645011638442820172736317879629774519854080343855355203173538344900408285976889379405403365637848285574096466033627906139 5109051437540663524890842720752687423132454730423511977070083796167962665841341902090178271331402036660428789039864276510835362288096169504456928600741407
7526463831676285994230160506981816246673236015174276331532256954715688732529626904303402453103808721199649597494420089002401167248158564638504957503964002 8159014625623513534946092039067678513674232930265884341429364863468683441185824011947635497865363611214538239758732029084258102044109243805615691291850489
17836991037365217664093751964045150302039334267409187355680472279662880949286135283800696878741948057282387000879877389161781796722985504774210582463754 9268146676432174139746893305408084962514446065891838850712555131744027076514679175665614774134785117317525722654955024925647016776803349761787914369609440
9040662059734122467506929756524349023083119825996731603808844526408206438654220437722568508222909414576948863274903419806196241147158797041986831378189115 10925756671965115975576891856808721039161765601983989850262657831443441441576305861697121172164857272213088339671094305358051149271559926835806495037129242
11575217505685094679747885419714301215299796505796614258409331105281013827619231130432116839109878723008261662709222046612559399129268778674852729650255038 3380413365442583711461657718211756782911330039997140145635114881296637778861707646589780228261853491737806407188990570765837757582096834218525711013799255
9449897342299900418223359201211306702293289561486803113603561835829480789243631804860958581258301493393695282294747704258933981709434525271525850284791302 10729311877389968874664450616307205354631116772058087111113824879775377721857759454372197536679959702362273544804433428105101419600588149001340287223862179
7517222878231786956393977998122392096448660006723089257108216392905395584214116294684019298337673211933566708885460485029684444160357135034320670243109120 12369536614668166158703023363453748988440093520997286230389841745721939749423312711169441170274171469184928505454290594006026526565700193760458978916851914
1095440258882127474117301494320741435841720108017366351538370826762830749056630759270750268128462487531407504174993739058290648416803513653958848317109015 11035329954047673005923799359015080281821064495705071948068333575357142530794296532018203812726436332271815647638714069888377595586191096360104288979702786
4840137506733941728262463115010476969378861964649821579795860173290774888335027344267583801244233869290779603498385281914104597937724673405735889315600994 6082392235757272755803046473047406265429474002206396030650794340257070121764009327709284468103551371802027585892262363727038821089987173422322985690086881
5559642897159093960134424038405903891331873768600490386351853298986296238908483518815127620275062155810841534925399952850909093483603854673979580878506839 7880585399119764623612793950837298880390743051730863763387124560552423740116579764605777887136986855132077038831489321280076126745425396767954294608322452
6674956886975969603214044609061539456053170896394089190674597686194325639861668101475377958405665194674947769635875897001763070496696433096635026119239407 3165238226178934936263027609855945332852982195502903403084504352097040561111304480495163326343656838362352292969107087750502984782605144945985798367829075
3863387423138728676572328956366545504198564815609049781579949909056362261814422128789530387005065201285514535054604474761935772203159633405490855964442365 4782685748436794156968374410193163475139598736711093391875860256689348293983415051337216690844985835686007006474813379539834311414198256456387531228397837
11205233191487642305513138490850135762109038816634011007970453925087780068159146041561430163107796606389429060780891138067474261055298676643117198507054612 368692871690894583195632043078171253280782721182035201263870263894086786902877787924041724911361908243751502086114158255102290818881627151120869919567884
6912101928068738713381469426771829144157273275888044393549940085179623190902716101218999706522886820486407096080141159991027458717975439221612695446815614 3281296116669352381630847164655729918270438965409153374765616755950421954949351632240009022132690174340139840702805691655957682503155389851576252927045578
9336824328617240945451229536678368650839239894697096736289690152777166915730914969455531142856471710404798476508969498032305472257668864376737579813200399 270847815389884567439951029558635473659270953188868749991981529286277238232837354482948879332501057879357138901458369269028480074775447478529355185766731
12110592308043012638438100324634144456050656515425119057808121120181756185166088002404106015906692431152776924743215147862479706021097287127036835210138873 4475701520794198609900902931356204041619453069350706675941826341178614940315748566304262038257937705452163795989213629394020348016910302521622153060726148
671306293662547373531609293152263850311867457882200873268444887435693305137678490468353275017759170638110037771663963425232794145549039841196320021740129 6994651947942134996229660868327283964634181144521494105465681758473691402600150775883282165182400529364405358881810561453305246819976602166335778039125513
2948024542639535512598984250248832143208439589073343816747252913085660653120316985761829907138777855327105856898102529625371839428494446808448374215094684 8997722235945753693272325252657096711273788132628314551059412864221995464215697873450285804854638077218593001461394057455429717848412381595137984742392917
1889008333755778250863713684491733638363338049561209523520735809460936712600349212192487069679465809881632350386521113419516278022080815235987108258441867 11505439512370446834990770937848142352790683817308597584223274063640834145595595511562180898609268600381174285274985915574087250287720658171550010999628868
8764697351388055838118234057515567931769564741981546970058903537238859084912343946457821326223449261222081354937417614129851917138980270457602546167350141 5663607976759764014710670006749298111327078088468766280291930376272865954042577642003384747966660249642510533156172523817701583609001495380326332383244711
8755346306728883193187160654132718496155181035103478090913824449530252058214870576522240968534314760203007180335799460443887589345858774845706432386059212 10665690821599219274483728834274271629710666769059420593511374241523399476150609187822132979737937684900307676707382926051533062864357488885044544656715846
2646729368268933871406546545887196117659089974760278298276191643297073753869363195645946500834111207739496791865026842435632009847340416954125635513042136 10549693339517985235491481796568355722437758171454198156264431550865572006537732885319095691323304330457283715782068987791513244627643551218294234253697515
8458572676630465483280690785624994349539409509967284500328606663354212106944726366706875882360682941708396677345479623772077267792134631136437015362781649 8398820348736059077870570570629549594842655510197533551223357285066319036506598453461621189465701048630158187876407028584054463799385859341974703059280063
5171759632882540875738119217791815389523143533080675816512710182601790588508876427167455972725848519418309731096928425082068008794784236914825603067109904 10434525485617036735296784639877660032025156582830806458088662020352447515150371414643480438166069381572513911668409718206174349548813977753590181246904530
2690284805644089595635275237226501054176490437897631132001709834331486792669839181742629210965652023766807860827589293997476499439973751202487797855389528 9780901357164175915200277258868964042198720927588347960185638577997452405799406602856827831617987856430099246360006732890589802095548003456690076348171600
7241560781139824181267516765303102140647858333754482052553232058485412640859300163518159875660978044190062000944920454381313219411168886119719707079009896 994925715055128438484194454115350748835662897831969819353334719300362798987700401834425343370178413903918088278710242528840400554348731596439509200447915
3050298853494362015613928170125412026652054067560335884837809191139018068217428896560383082235436393533772255514622113227131879612977344867405924818486304 9438859585714928570855680906124394391532909643466632145901212324479585504336580895977541853940295216544816413671853832811560961221880071493886859267691448
9592375790279953352357097902693677826987915181577752291424935197837176478170679807736158350467071021210710617748557913562265822879244300138368077604829291 10609959321495522637819339807300856023019814999623472889758503324191457471261603180494333743998005806349232436972392319510766705622451993314925744854838575
9157236855176499175339794242837686772104049602772180288872996892979659575872377808701938563004074674950690950677174700864900668635914492067730053998230700 4620926640139899947885705537067987166687121089646407343598127724035036398767970035057383828251806237849135147438164120558337864781521776464161393008494922
487254845102818408036408998856613130734525140899849674209011297262382738301188903215361359214778227273675236537649153706617991966172287288543300789006647 2239222923076535919460851999617288767636428893913265382077504955369592236836072199893287818835981005886675484015681950326432452099115711308092334040700831
10997356426295868916490310965132506132341918396339808442782959495751985253662648732665472816655440330845055567557550140841926705983020274417244368992361215 1377795957417788265625478056361387327816911913340779412368562763314371406104728394553232283886741787583157974171866537018716592373641142344889520189003321
9836117881027903637036164486137066089449393142156329734403133146267228268897394844935701161365327906479446367019415284481339526925580170848787115009708330 6999566578929859992696149902249647416982316780009115086231076809346829214139990935722041970656894043272854465909051284571807679870744119302132994391284291
593734193964266098169981149954413435424489559269966338180493623750077617008032175630417826630321004039966761555461620278605561426179268973475478267506316 9875346565852557859495843069676031266103738151189978080660898839236227717520063619518575468552933092488080309969385548068864267201084824651947398323517417
3010391301292684431989268440493702849270130121497818312412342455058016900824156142544922196159017027693954081677374406686499181370129155764997049893508415 11239076116828136415712413314637260445896643238119018647033453371730007354836488489818618906135539316971943730308310511907258929700819194604018159728239196
6441398614710713605636321455799412827822840725276098312376002157982638989319183643230975260045736058330928672381983648647297461089067943038966918180825977 3444359878386190200106046068864613414282771904585188174007128524376128628966570551899873992489498997578915061519435472842416438371353990350217599292834603
3829747500550579384090793767640242230528654024469162778030345454523024215835378305974916743833704989512170843567369892997454026509837330481521816114299119 1109548297280699624032986635049752572450912171643954358447667595541893397359848436787419786830208562796645960631576804417293033005580645886101910584866951
9479201577007826565813639659544230098995766261861381313164158529438471082548513779504881348715505907883014225201057021992185671873459556393269566530939505 5568013977759167413830082522718235773247851639033048186340243098591651674557039633517294342886013725567851519287974121143316354576791345663308494212870736
11846303398943690531164466299781167396045942520975154652919645591312408314142403589313768598683066299582034803507703806009411934939565436465053146305284073 1309898129454223751696867107745567933686026706832051866363141041999715602611141301878747500839764652402313355700809516979834738610017397466944485666008198
5071765844228732342059621860707416392993042775044406306003653543252186059872433008036609537482426228779627054207110964246127729503397799497010322031535060 7855720671254376297872644486550808136008645201554551196515394411612989514831875708171967304534365963064346742133257282684169889385276930885993646347669790
7625672557600036374370002194585054584684096788169983142802332238383930855087286490810023466757693683088838491581832167063375157931161774267396709349435469 11250025109677890480525345600936700835230144779838459736811635303742969684649612884713097814197223515696528689619010328105533649503432912004007407024019641
6425849062597818920341212187966226328429971064515866364573029097275420007828183632934472512539908197651373007232796994365849861880123820042328664720319375 7390423782977030499255212786642976933230190986148135417341518922460897342568838248496298228652674586669657251941335713391772085649246753022424601571270059
890044451598019057489700206803015886990456938879109798906371967137744001182892621057750071626257352177183520311840723504773211262245050226493093842848628 4485055337683227590576834863499715840875880944136270706200895325060308705213650593950338608841996438259060313933109297171511393328183926449763780804691127
4865379972195163389549659322509352451109778596544881972683692693717132056886478133317738414007269165609473497521764543708506111789843562749406789986750122 6056862118396556538091983596830995114962272964534919988845852924249516591794764021628119244295405410602819011692672647391623132819926204123351607903139331
9629897547131435132137835355504939532820403332408514423996268421250079900008105017174302339546118007479017456097604486374063082338291908988024477278173456 10961351159661910536727245869217416634055736839003068384778183109849041162469403939980408110258519210469668886729018439594037569195227282683226938464492822
10848723271320374293209323902091775867120106420241214120427184022464011206259695910562738305679732022450366607236311740421363495443736001334235831775623923 3530069536384006994461301504855695966440322470558467783605970199588155267300360325024125879065385023119756770579322775749487408795365110333190443157703892
8783285008432417529562932757512242056415651720036691406886552553920660678986587101229377566269160209078529799107165021158017796763310729956067420366773946 7296856768121443768659462416867729927907439188185201691801917042177354448669154768814568428953044890941419951700750901411166538137268117317476451296275049
4472476153377967694448809751854225792686364941076398551855703709094156517250888536017290528917560971349730160432395496224113801838225727807985619365959629 10588575379571355664173704816159307893793746874042860517661810844111011771015318871864302573022765681282521620591638692667286295475423509296770372379958565
10953197884664866056460817880809236675354145404175202938781866912992759178270827292506104671235741763224496568725688571210128431384392953892994132526377049 1611337701806753712473691808305473313372921670325136466997354718715157311875788048514095357695507216170887255809681777935518055702273494483782693546452123
8614672020334767074605358888037616368167185176484798985677567332476609105573535151943464949981144764110971096034097189275501489126813940625384233196895486 4038387711701398851813152533811261618202670710092238000408905398007673475262977999320259577887079462702290061859396898147255594650093539247670121882956563
12390932449139065186596025702284774988873168137099865870995497858507640021987606195355298660910560658474951180733819290767012105936166362574988173034529970 6587176287283321011937563026321517760704099087211599042332934605942193637494792276940512028270035967693985564005884718683831292968105905538315789855163428
3421827402285780977263287420085840359217764809058950723218307110138532679968752194152147936888330894263060259076870320650230218473763453682595200720125986 4306332202179371326688227918625368185286055354329791155104271611068970861978460335201176935575961620665509043390026568911755304496627306240674022918679772
1480591613167358381516506268604255413828165076629987093969640928980432101348014077838550784677394481707218074696835424813318554045748196975934879415110936 3403907917309547053631964928345695490210668121665019254476893526919364578682839916277674804835056181021898139933990530736619516498521800087561104368465942
11562698491810423863006416325728402137403818391151884979195772385197988814660553521071974625419054290729926710953595499941010730996634334815431522517807414 10418109531561453913110143562262797906564642119308847397559468909166635645940592452404151367856322453523851521271807554376455820924112013940217154717719129
5467644618755239921103602347145867583390563212204108144324959350616340043783296519614291811993158945439076835985521978191580560516396973809539466899813177 10958044809036415530414499134771218228073278508708669395913162690331721290011723931015303406818028066100972266542762960196391277345733330405149077032815755
4294685969136335585451283686824415763621666312711289600877331901890306186982990874317491736387221656116088097800524881274353168534735968538571469988312809 1002851954467672022219337216143419259187825550909739625444534313643154988728009758541713579281520578309834001927733484353516421310237114229184610861412535
9263020602673407468049122079416657615279783970390213483056542426616694613902556377358313171382756149064170872585233274799976955145730878098698733776405497 11542956177205665439634556823891612364602792539545490040974962758260751300627686219532497475888543740437502540278090881193960020552003880338653877403336602
7855015753227647579047961221233721441254343788609649709991712965200281140410866289613835227931726905086428078528517347107022472341215957506859269816972152 8223398292170217946383018615284027303807360816832771247740777225254385815839336584065128554932750915290230103539807549765325810269512360338004667852560547
11403990083034878684258796929103074764464342505933858098695014100570333750526074152436946368456892643451571223534603033886124208841215764843414742819735127 9401993755549023511816616915356771532559061965114674716983978347997817882280824199292110282011065966801368712998005994638991872690320189402741029625685180
9783872851955868227589078107076180558056829231763319820074164582123727035263177668407305016120076844367526110204667451694562449112038390364851283628281910 5457502270270871436391873669303791727162378127452762362228726556032254139655723688655493603028851016991702038570008210640931963072623437020624529459157588
1757247999582347390241584363707107703103896470825728845296962503133413187784071869778503621911636578904343377987982754766824510332875471979352691285519957 2162688531073689020336721516074196512655467665066550936158214730645526701759531620553551227964113963504571598241353514484442373083678344545272520757725290
670524366202265482272283539124604091519428066595264314611852034508257868192567727235977557406743008347236306300063582629341042558642080879550010173742183 3666564877639811375935979193513796547830188835167086112218735130699808024833018041509640854522996017578600588239938427182272143402578550724481862612403337
10321554277779564336430160288500891704587030732161892930187649044798429557247734824645036038433908751939382575944535007605900665322332640125378603867356777 8562065514195771794618095557549628334934148526656620279989729742392493627013987424821933700137326768114459422747563594338400652271878926485530179667433510
2035942729884968691926978739816905373022223538423944122180661613853341464154134847102118171522980958701713067557149172857329026712263548862314138757789746 195471428433162925308110121448220386168114760218519169453018424853184527140746306574711941328217449463864371003158097184421667084010937282014692827074470
3726146508690700464460061409286499873877824552450642271062670781890857508144693998238791918788052096151078275301934098375761153385676623896428647522909509 2996426574241645528828749820166690927331802958224438583566021999277606907716340879017610631538776641402126316059173440296201159346339736849652826571108448
3979821527196967695132156211552043634535466167429781108061818577405087425897719549943210636112773413173775098199003340291850366425546607564686912504694900 4746770030644625788051496070434855480766413597438324724122168463517536081208472508353668969471807167110627040489118060537688709401334572059114025263243634
3621173332348061100922889035880158684010020499304745115801490957764821030018232852204961942395049305230450789038031432065874957649565823841239972916122210 1747523389011788138287515567346089935598111082810193624899015019219280666917770009864554253595650192139474847155753640987878513868021068058094390187843136
2768071127676463711576759121408619825852714544648558114225435730632239115224202041666421764730324548536481006266103655847076230449766952090296077800800408 651120429944741805807388104475716598568474016088019947768162072375416312586795451941199089459604551387890198339134084913106859431865115739495915521151423
2064768620754847533745707000992620394173556202537992436935181625153393932501257778442703771060956985376496030142798865787285310051475993882540310476617437 9223943658014898647909482514898301252363254223880523622181461033505373393582226199345914200714843324371743143070482277266376408623565456422907292212756101
8060468426207981865631645902537888131265059606323430719138010712983891025356570137009366718631338785333787142986655860166377582136148946576724982624879784 6391670317971019574389431511862732661729718738848317173510401677375487796918344936050135840109853426730273883931361300930553233997060959671704475615364966
6565126313870030105801035585885031811769892219339640291998605066237807720955796540062652618680593372462329087667668605497945078975289757934146873036487304 11897049280283003355305866760921887448817800836250618142841726233007583569933616752366928070759066751587389754347738832978669633739825471137258130688266674
5696024611008982307074834535189787107077214303866329012571626016960284164817987632907189863424360259966381063009766666800667048539660812890707674291737643 2684480680642092184577440429737215085274523108282431047529296821554562230726941376878429887223580711678232245292631966949070350793965952565005935221846
4172527403071299964655946457091171910360747003488537456146279736915458396040308238324991766736131951564434551218895354117711216426551987808233625779768013 2314773054413529735163420035621046524077312485740140722077736841740115432494437849501475196345860428516232428313867007207547542680385361932513155868077941
9581666434492197227047855321786071846346695430943573844418267197000840175896050623164493655067192645535380135588576487531316109225918704147035090134676226 5876358147953492638448473817458311243875772140113706115646538141098670870603947882197972197637924777316523938534460204709693402262804113889617830354222647
2267195534084330074235572450233936049735332201206619251167653899978215393274567690269772486666526261171592787288638147627966230350461299815763391177563727 4818162840127782751205896826410720104447750852533477658621803730782595036804548065114503640370565044400719755038621003658684462948992808736702509315618366
5035092416969307926128277533722500077553154891443372528782538599558977136130376026501468061663452888231442235771626270620827503192444784517559704732129771 7345299321732665202116182257750967225046266232874758226035829471424187560658395130825727315918271393926393077528856221407004556301381345476667892613090138
10972962262969064701166989120042685511002563429613769033489238078114490842166861960281735888202445551679735942826085024169047179404091248722443179284174697 3474573046914072069893702491486505065951329847775627915531243120336723403169018910490153460630169965106610354530053983766674087189064464210674043102875565
6579230030244445056988083918740961429119987616709542799967912581454679501351965652920195303898111301467480734425391051205705115528668653505258738139768725 4900656627793483168269170076509697624278294898784488791484446562363255617278545090473688191429811295942370262155434187509378016118858353385229081521468957
168300887838974947553707075893412747115618281368725569359739734912128902513348084248112016712581082817913154015380544706434136000632974416481773432654014 3380417600864190685407359864529798120483354636470316238934177436168362878449554041769558582984893543784853828471109124005925390783633247755903262791307671
1492920546864041094179324967193276796235814943703103716930355483179264097955168891267260123279380833079847848171327276258482497944940735603575473363608293 7505166256955502792300326869388761378177669150917107871391209735421513389803531824046255197397502877876620326753838552421913261666467805088164902927790011
906806141196010178872581270047149698573968832441801564868806585510483356372528719063037578801898728357490646777011732658097019853290524591397769219437529 1756057509882879824820437222489516709620673409894714141210909119764146134751822342947134253764640928244036328965197602978791880107299856868193473809623271
11572099363576155547698286842447845814472841895293972747315785652990706836898879027377888656443111494939164649916939868309541795027457638585465561752923341 3433898041067912195134342376190972867983554912431960803950403081626464778296743379287527961422003899494647288332536965814556825768740132159706668964395619
9169586815216233285647051351115462295266458476484258163151787683408874199967567962469735867177765578850562055985670370634859593095218055158379645918180036 4357111795528492114268691664397688541666969651907621577001007059206108321183178383750747765342308080267849153606912531154893377052180444509122669345457743
10487476031902958778586473468578999435813546436459299702970469890808692118940917741837333870423239314788214234251671100743479152594426210522213688670078250 3304364474322889955519654230131575005067409320065439898336785665438477516913973700370987188318314704876238357532501868850729420728042619023306181719313100
11905275336317748765062203998976149904054429555973413522203866428198205184798387862616251595685348681080338968956346712133475921631814071886279237393969495 6305715741689881305144156750316536063067650658479926848866832093847596687359511539479808304717175784664071479120617456576238938511909414862308420399803175
10562597118769667087715200714965233169312193911324175493661946786909111731295559048791486159849312052115337241558839440371336572305775405430585171609443886 11921608404422851777565896937384928256716626881742812377373642389423994464000407187879566873990751721764772859513073729480513059963002767633454179804428707
11484941179877527005731829623137533958849952426957765899885308453781994494032356745514213991508409292190683445762808066710793458352180814107521856188117497 10341261997859003349664732584171509832255819505282898523185558950822844765305299951025813553015348731901989693262475447473241275561493609691523092705787947
4912290593007916915983885485264526285334982734748432960512486254611788029080951481359690504954279776566561504445169873905694159178703146657954564591403406 12263874221224517128952461426855844362896176428175991699516967971528812775862874302077274682403704419011339370901296897991153558138553750442289147884256178
11577045733268172381170708783111166548239592674811982417576498109573410765259482599916380949266482904268139887245057864536899683813558576462421150462468864 8766865961036574140923269403346455474548336545787843818512351218470382259562796180304806753431675197620231485955395700995825785046912312107993053217472936
6573647410198170771127510959583678078960327874793217654627055011601880031046755736462762002198299484205565591073214472247564362309276743729648560766096520 460368744048941706964830783200968340174647346027083524095390351750815231145688853236385535276577555192497859098891079630785493404059839376409524424012643
5461269831613492886186105175915602319746542389368296633232965318800851231219395426164938841813456040686208835836009212258172281805831957250499689549495727 9804444338254466221948379895096942583557280097640899902451157130653037020507117050725391182330455375697460713895900562027242053390424236653103618521669587
5491747859777544844099680855495079456045061347126331561597365246122154233183492229738913283317859032643524313572824246954729151769257902677915187746341077 9476206169105242807627613765568792071293189225104929156745848967197488441184335945503370190510148952337319809638253904445633498929553481654324700523242600
6291186945931074424328368726409252246957922931731911916103917287422172898828052215176624390534890859859566590111310467105291187412935257602984841161714329 3439883078237445579099870009447961528981934771134611938942471843085688507339251419519721642438030658472129847487880203175794068658441942262109795239040300
9059921014807279216995837538049942043600315067440664131228355867222452573223781377984106306392965492897979794701379679130082363573521344770163652013099054 9879432047957277839543805143055347279913436751158530460511075849937588210659324121545170671887177794715512654513250125004657051898315498597134314172105671
5973063643357912294824871130006979922395795302187881391588529707954716093807937197601544919156302415795097221994500386698684438945647266718359064071328744 486574613314853332472041521978200663096631679309903897377374628263957701820168617213094498454766884628303251565539980769889572453229222884963638763353437
2635967957768675588549792001032048425260766838027326453953616156623641280607639145397113833541706713693571772553647907289602700896148697363297303454659832 5833081924691742006818077813992810343691266070279209885681139694675671335279319584019755464601760923035845549045854576277443134543289369800328287574483094
3449357582837557571902776583412919097059320852002888699806134486074361197125074626787379123095721977109296467558092976055033001832324605376819083036434989 4033035658839893920981427050790177345558064932825844994936940357791597213204338138522570105295301908034744852470384286880828615087008799788103110793092167
6625337320859880171276704482235059698966157181652219452398403683001156415065730489422875463635199770010487466804162351957803335882074066979656872555166499 10252401905679027578558251045397102170219355522573084037264732745684258835920283751553845426901294470953419394002677639385884249619398650941094437266155080
10886837786124347897367442439208630352599430021608079324495586142059071355789471548757085849778058172676280444606350583265211820071889724158580707189337033 9892910591400569928095829259609092988941491940098120452102389469064374977725332165888050668891286141086702581397549197164432806090105490652748068027414165
83100880327507527776862635806739628292095190347415100605481199896810960263142392714188554863915890351157232907859196716611078514065267787944864376697936 2034504846908679238828652354065170651312497626271605657792370221102052258589334820953281018566231887132278507244253807033203063724382441712992396179172911
4360192522112290667716168819138549643301750486100709705517652138830332749904738601118444996793467727969779023688263305272802604651485741464786053208398460 628127341112524216603772386728079673002125719299863888554728225448374674475127674765415354834868982677476115812468857045616518340883288155839384409461160
8865864865941033675091267312484346637940672093547611496689802200434961547449560461829942011178479314386619035645479735978529778136104193856078546332983389 6981857671095717905721470012328124927130393256685310258877431385058449659755289294409494805251735249307931630041008924881028122683123138005515486975812509
4314187672861913853488971196445984795051374092596081843409357168101896743813009194118565064689217232650812543906486263388175325405053463075996582151771432 850263031471144163203003123708956098907398115592652711171859146943468866341357475077108142959656368814759890429616703745237483920738181982276098173603344
5139128022474983858155019658115404487405355776696514879299395551391874287433028925053012648804424309691570565365575146690857657698410128667972522581629669 8136700294126903236822119454682235797404761420944724127882123692822496064174228124178678857457335357005878134515447831153379445598200190400176975717746962
7926417185833187671770116813468621999312017888201417083741641256605505533676873787328998636852551168228528830655870766080010368081644652442114066335137916 8773761457309055498428757301823950632277565629297720870045583838571383851075922280692680228179182293665372169107949231592013250769949690078807180645746398
4197130715275376122290525302844435628587806913692135251268286969468125701124029485795372696615761772429005912989134087162500359558292845148342792850870876 1646737377274675971441346366668398212853649793736748167155347265616102454792862134152219766670935497143769480299676513537785944565954392130462143573904926
4135477251049129953878927430061922881306650476035779821959013937471313926712022080467904729865399679361702427375431797961973598403034880710038393089294791 6632053525299845687779389558788946618924542389028258547798250761440711653302915017776997988994397198422230156030821919258219987581516460795620666068062340
7418575315056265014485014294654736794799169642535205761416537536197042363288722670662976314845070148987777023567111598990260396712336585329221492548056199 1546867641681306414222223270581606994264359786653946843108977016199743643503301131123483477610077486162668246833786426116360518790978121702401902821238907
3039298037874257203514961620892928335411450829131650911861571427831195281841792366183141652117344267629549091705164055649867639350847905388848150480745401 4520109278134034722251553156798079056687085725158211996672201951795793320270469781455017748607848544380674718480484522547338830284438338562785272579997735
960651169179832974786190595316123074149713971023606117392621134241229675547938886865264498514067492024033162879919800935168180474400414771399104342526726 5578699298709812797978257638567109014549171743977213772634930768243415844908786295701811804097218035512461408458571106679389448170674839861731309538358176
1150423704924298001576350445798689208572152889809318940005783904195074186152529068784730870683444466921617488214560001709114506673633288079217738319485753 2208024936564171303683637359043300015145856976879492044282374939246315728331056620268930268490695654979109945200834120317175000994488872499920213244574637
10959460453547901885827739558615762504508111164953475313100086598666796805436160730755327849012388601677334252215901740258296716988642167608260923241654557 2591805858545905925024871452060699703452355164397171347046942326736837830430724620054578781241369838303682518976073222522703789121285616511413172822213279
5954396846006362072260611027275071010745494893905125471846370785241104773962127578704231710701160797591329929645316963757493146102085633848714821239797065 12050524354189521452462797626124901069268709281679170380084570934208673648608129526851801239899876488970683311340430911753763711989359727547294064568393914
5126963707346223067508394524231197215531782863106383683579167624163919903248578718611975681361118621398682313496855760030723975240829324925366280045623482 5596401011120266421873315572212238264541559624324620037800111845977741096828730297212006428066834156132155262979974808674886372326754931160820643776172689
8004075383117694530899851362153968776151871999793368894284192576921926832935160831837847313434815279439588476485393072693053266402213808421953148575468389 7605999966242236932062629427819030472621972407232513882424203882155367487874695519677996120587793003689558537124585920449096992729245314408701448437897081
6861240218846380158993589363063228253056252089624371494292196969213824624887217319377653183396345423152543420386087675984228867701804189769448335932981768 11394834721053712554424472352664680504958369066204257986102294439376011876225343503161939190185947832271074547666738641012256248017050769723117031631674074
4046700759887329905607642824780134681250361836661642622675982874212855799883981631762358585406840006736226213961858750754432394453171545571652658770505296 12071558003204183816690379036857252055290144298720174184770769499966250943463657132052272378611983910830242425508567389409289381836950962519350413656990413
561387918092322132384204155878994428946974184759701081303074288607014247013786018166876104644242919306148644063477109917501647399925655780232876442885383 5692071109439712551697000416773062205321206746385141363090151271196345702005835928754197979918128965441246022553285912925961472440991763680949671598862886
11942083649260557989898131084406317312541913244207319412125537556454780363257259773874959826651804582505129403722417251846579513886676995205052906174931818 11431676402217246403777509903008189472143488397879859196903523041060910370214299328603891473673517498673891419632906264657085012650012703050294323242180920
6748862268374279747968992547765070981514238242805515685442457057197564357872774075706691530727517919319453925443869429230383790594750664850597070592194399 558875579424695999606338235023164352724062389130466196483823866116056011998761327158660174515764465595148578960710709952590402390509967760317383789381769
5415989685658883266363226581499416963251216207396767166648321816008050985775583348142995541344854936420201086194565050900058490558638730738716318180137875 12141208126017435983616802284245504459862906551237595282817561130999020700991372508959156130946883242281587913104130595893753650191231253892337699754085280
3107495889362620483455727499694766662997538460961060218530751385398951494794303409893680387405239410199508765959752606558351847320391633409749820904728132 8834897137456380005605210942795258721972566753143255154584867377323629791615914408625929259924180583600228429817685479185126265842089273359230781889943770
3421530988574281079598633650818022708453793337529673415943168595178545565772758346417636492915299807190606073798795878765720797125211082981310229658760330 1054551399030225108132112401812627317667673829454555032410944752237044654305850853499201749816535723088024556375964226684884170535177297861811624337385763
8292621478374005596197095018774383564680467514686055459056794978203665724936016794979240832379446550121285363668982076196970083992566462033131128437695234 199539730526013885608670675127885105988239903058337824693563159119656714654934060793405249190424480393526136776489809767905314902375409442609788741282635
5557581107773832757807311849628288613498815827230971490174206072489571870443267146544896554338483947099180409262352312212017811771938200691782193730298391 2831731039571638600112875433817971960740066412869531692828696860493353082928071198401296067968949643872235127525687903518292826386014746249082232501301807
1924082900492507590092566855978978307797801380953649020730641420879421296976538337362804618974237866519912856168075569548520274080315634512262353090013482 2496324984327721530115221032595892889215588482564042121428078343318009466820918355255143616178073016675175914029608318534090434793017642624376629330148418
2696555087193154383945133845661000541275634926768644802464676051279970903807004017701495087376037536052090087567198517173187657055624702189457036312340083 7669905533307355843489234417565055648711444652861556513478996306001014127022802602607089376523904629562902299248124270596316100312977092297877596717352792
2170429481784795807218379220188639287193402950804997435501738958545678137060463162252824117100761616927131622178044147473223090271557238881193264447778234 1190567085592902752704590770169244062868450419535080856409624835328008078450922297522458190518554632027219491595457287805142238061738251778281320189312072
3101943186558579717738547968512380274605465309522758795259766041596639084055652707846029333258983170451020249140803233507111362822892278039416721113707985 336593821562300003769930683145814047487329112677867449974380275495787264005899467591105676486636960865192840608341480867345801585460868485537284948824248
2202622880158497995102928450831843876495249788860735442259889625622469993628591932345098485474239561712707937781991661183228133801905389996853490880595713 3262044701192802566830345063356151997085365668751557151302365990132492659064793489414075766442246582492877232086485568341380755537763289477376047737787262
3282329593674067434201224332502304291995619769014666373708714589557836400044071046693343144589163634603995524232728723503592959247366656620443539496697876 9538704595250951362620684807363743746260803889284184460603811669461300662100196869340131470009325317769377280473693780192867168959292654886263703983265987
2029137185801052656718178415227587617336737366613539931027595012507045145869211808581419799057706169433217258340461954749088242408081033743341480813512240 10650382297369571008817420439125167898290813174584181842755510789558705094055149892820443711822604205536221272073730662734306149834932098858577260490607557
9481840474165271167876821623939581914739554653949036407610910350207961484319295388327790157282526372432740251240330432108635760939007487733211539003214525 5412507276628819911044887874836086980358168296644888016776211438424454187432256425297424323874737044426681916380008681403182052659841471714518579192857558
5897302745881750651924931405923982563350661900032299373808577552017105297569424997894336160414640526006618068938657629433912098489726548664699322109607752 7745110378557443972074371052924047757276823106829961480547329931250920801015235029585676604522844449660075446837051819257019509070037379372272895672087784
6875584061763892439769178465827642918256379366010170079353776323872571159075407076934166654075675299301894385667214742243061910947633715806873973389297123 11463171322671636027317393045413192445964134561761935386349387744702024378003945603312068904795796025041159971196084468987568891509659478784242368049978846
11655554285355729365070098733636552760182811890858087385160054212072664527656459672139311848096243763197279947706769714055585478856838945125319862612579674 3433397523726600661741379290149020899430221098853717188014971645792626179909224704460370568407677482226732368009439473429625580978929932904089421549715736
6319646653878199763970674786680033068927139361926567554019507958753800928763185229257886489428290535813755634448232514734097955446149732321312301833214860 11125722682941875789272308086327796871531827298779893495002563557951523344895071095448580143886972794994643336648001122244012339873225940652599153245680212
10970416284203860672438391421289264597850134047450519976001395153374384203705703231450418124999062761603497287845673714726110951637971363299247189087331602 11761730536282646164271105557046709167174512791114727240253571889449634443417810919037783604122150030455936533568122353424285409107157148199465031120816257
7554746296161319334237897507827381393146457050914505310803315936127844069623286964966558776687852240681021815311256034596748743828350599579546534142882289 450645167905815797120245197087718774030226456203527445907308821112282249885514074581902653239439709217813501218465395592170260604651594012201308607447844
7003722224859992335400543191774124665480169978357729111601137774120285212905322695632526476980087075341951691029088872019895947077075611269560940574059656 3472784665822633743469302719678423822064761526237180630000824908691605660894817850184223963596355407757136083798057410900739979888367401172208868218566599
5514374446721688884390668868573595129682097927668498784633158887014264074108360675335377591331179314288140673293888767082236208280183579610558591801807290 9259201892567823245516415328745409296406272933659916666753695255830381691672558453320909377325196257342205716905931711159978506400775800284297207208731425
10219807584166087837649129961034574153773800718588869072523406662410033252026915355694747857681301169263057567696527892249907848879683669248202560266184960 7060654152891728585258423332598940561149171206375525240238684637084003616735079232323424128211558597111487734969984799854720498158612032322531581612841467
9402159286065064087768749919747822960816050367569517807660603455706046930511642736794030014184981200764696502848068249813543028888670195034345631541358168 12071023321381809130650126024667405719337094982721924477585451253656116420267489530111204644416181405549698142794526402071293267611530375346939185328188066
10385683651276081355865602307008278079133519446875038478462542656115403212641378919529992355676812831853045201575868469194953511348204610373473939254643577 3500801342907304016217208577143420390736479837339962072748860192659288478810282910303130349981942044667268439371496978044904032797646468148740877493980966
6479343544607044519350733642312747992748862610978999541708606033392951828571492504821965156144926027800354905512305725371915935786115265896597933842042256 7236410691667855332267079763721747415264934833459435819572503190515755540320167388925360790984487018332996564867005092186528499262700317365533029597030664
10413860402119163532978844839753127064047788666940946680873039427575157168135250643473486769487676033427437539239901687133133614905003813699588508796277605 4931082334467190907342632979152691630584782521934816703682213436252073924664883381099747369935108203335550501675621792980638086909991849620768451021397186
1419847816565313271606655533110190362194209895896158330043188872968078096275756334006760088721204573842264226261227590482610555181297503418650955039378169 10535047439004568199586236528481407529178749315050530516081022869344387069631036064583206525587457044367948776999054562621516084140459184928330936926268549
12130720305528360642443678775447301960834703453013024987798813204269293434274127029896207382597993534191712947451621616559196840133890308321346260131369386 7598787201644763384568793708415276077764990314825226800117211071651743060903838199208540090755465647750660598078602465936147848582311152373694949687314321
6180688332186054596078431092645131379092088299386789711390686004841090053352829993641584648218851881846155033327181396653896096027703119347069292011074631 12285615150627875950093415447394132489103446181568296765304776346229162473419473631874653736732549305197800970140402985802300178645861204045843749242404175
12104958747804506386920237066228168749122659945589549023436553813643257793958835927697648154510203878588088324719140754311916512085376874937022525872702970 9784622556062216040704990679898424921605336623823983843338290513184511805206612192789892774523894010113715825252263898161375933139745226458384733382148662
5900417032191251101218419905763674237914791843399407441720154221880742818354006083162907338683840427451029215673277882072408371651591937869994699421765389 9685939054837190787809644160182663863324822710374209831733931464695104004309543514706408150587417455137245302756238430809239741369769246101037575025032938
11351776254928895162511415068831937514482410220429847837849592736084886893510733845137556898211056633673614499766924661744184061855534064579564034768127261 1236625317356323854419432909315278117457206777991794789339781473401986632437401388256473734008669669879086779350024955044199881199589892046531716027952758
2548255220109266303024011491481925014252839869993688063547389240229761233156588741060765137879628761175763664489722127459243211260197089805584474863909901 2606349693010428618559271914224400105091202673783153270933468916236041025873952052690205363850500378481197464791711633443590101069808325351686961694700834
560132473189849900363662219125025699229167743790570888095261770237084315290167542219626843543712378084823731462181456921306858827249603068375291994697399 11816107809434147962110308462127697892261588653317370082375575091284969710680930935938857363157933009355349760411983889919966384172856528147988807933638817
5767006187736680707827439350473279839732881934850549991192382210838105249519272750089946402101141192539044835547480994043822249946314688614677592370422119 2378177617158834815385981389016459804672394500977348458355214556566448109500237670606788390831637360954485213583614592418158108187846460895668972053232129
11880205104714938093919899174783937459249446627639830457711160710147691593874603802759279396133544851373142348946749125874233429418178954907092644077632646 6942259791479415608874217885190564308538211981734356290885957208859298057868741025640056658907496904198675702217898873540057662559842345999394425118311303
8780888620350827701963438150811828342805388595980795653149098180575220314355764557866020295154417964910194486302191088357109509121744511148983263913381962 712652009862580762216598165802090042715527970407126541926655732480414499191932960166300398833880272654398015337337836029575907771444113906268528278034363
6037513264206911785773178350064571419817822485445625155532304974848093527802358841695735307939919371040102802649698632757798017039993848245393353048784591 4795460242401519862195776034678369862766720059191101674017583341267216512458751810557486292812816162121644314340061245302362168984479814791747896744943846
6752771057121745322974460049103549905110986543546264049384996679526092145431700707213839572335110162518709734627272534142009458417976418181465348892958834 7842141354633427476323084872136698471322964513614388602383664791247995529116796140757578472837296955070265288546074496033252675488551328759907994411757105
583813076561583024675670178415314904113838170443591175566574839045663574886459484594676012894087806184271791259447718888412567736786191460235059461537458 11193357075727537758806217081619915145311614160007123554039997887995089356628863381079469336076719603186118438727329093532031849061252761134958868809864911
10983176175413020670570871788986288282392531949348172699121585047352537885620246880831182722860831483447225558202416222059067844771083119471930918905213775 8694844394388528386590570036922074169797500792134568233427010694564156379586950398091556981020377261990402263324340646396671727704115436911298112449550933
1318805620350806885415866074017902674443710503406278967337480524417523718723650391364458967917137736013413396417695205182642438384345069667110320273368460 6546582743562196702474275318013528209740511588627853271776358520098499933262700892103063419022199030575797851357031418119132802920872726309343301934774898
8110448211387829351977307819113672099739080987799177158157598582342773947421446114522550232311704302010334861719602267974028970463496108995704309501946822 11828215918451351403837361951718064551838451175507959298127266135308807365932759169214639536760039177886239704390474454057651661351508160806437278432656360
798533168915733018194344392343802649261167651180466821946895652543794779407781668801609634365160165034139497620521651836859551495952739497317042344724286 5053389070490696483478782098613018833801871481956895943477430311030479580279030215935697009729809025550508415974002425501213755231070467394659194792757250
426386260427178106784406153751954704915982086937982876343572700670533519259899858582423106577943664990993127235014206813537337101851818073903629165667419 10455869845376695316760407407910926466307456877984692299593431683786436126032636911833037287952301916462780916036562434517488845015235806782554288738379677
8554492765292811611975139539588761294740181173368817079328180748260930850026012355484396888435229217634904176542700165913659758169091253952811774759521188 5761967082998527633613703245272568754984656172846271937097595535165171396345137031475384356934791708516408919628022651873627988301178873367607470303349584
5456053181000862411178319684074453457501210679795642918147140211482343232159845230366201619251682271889106809676017840385039328988106158001397637302435223 6847467013674765317798711358045526587537227870664009329334789025755411262461124758591056130407149904964974072758649300507585266426604055407363210050455071
10695741435648843410994298767125075873617227038142488814362528890387921200966895203500770971719335649347933231965383103692262333642557853258285885992625275 5703961073890490874365245857263624409335586929717439617460973086044598950304074880340483713599242006408455657160887715465983767026707921972032373487620591
2275624747092564011910468514370657897823075432034961512597043045196671498544372457811099830912641623711951198504119595066716233496399753810671842455566160 10160674896417588454671227288119122750594649616331174865750394100500581736969134543699310417705857752910702075429910631220352920129442277570352859733408398
7247897113978197440605643962163375334458214316756184126679937143662251173169858107453590668516967522675684795864130312119093734149623257585117511570508520 679763047354157899525294811452042054375276994491072076481511074770532640107296672775014044744357825601517107589883648374764653849624232932348941380961016
3989588474129001389725168284691478231171807190571121154463876746436230905770342575540912211570239882212332859943779748006695721225500938537998832246131218 783906181642896723863451444914754227026542618872425949806740121081047408092538643703303067380178457854557695799616968913615449703482627398802943155726158
2045743819756624907794840601093811952743955278253839844461442186831151502846450099266077840080012233650599908064241724642974486247149496756155869272679683 9510997000614796325566613179809088485218232311139672935000167497456841044556587707518800338434328287910690733809055952437776043638760215539142326596858732
2336143534583325743658536352594198967763023100964293775292327128881256947870720695615892490512167639966020479910565823380050632676301989777305899500333164 7506552229873172035609675875724394162138020659593002848785003893019898780188693494238770132417740854551967892501570173557764957938097173364036216201324764
4767292001479094517774483817296392368150944844286115586645600842541203171212662510835962726403573204952112488630499715108895198764533654961584254584236053 2531264075048784737510828359058004373651982014858205916941373999185645894793408127401117030189275907242166319059733040153533323996258944588199864808876736
8982005246406307205522360333167605729801173379422676992243109662772414678084889505080462301421323270582281353496171487581597472119410538282645815419582892 12322559725225357388227766612811585784122960435669833565111046826675783189926607870331260052607744263845499215839445294327019139224186120189702841915729701
5637935080636557274767419792522397119400888457232130872840728218371723704131245096698116783098465205620609476099729375687341021399819227625314796321027426 9510304307113379027968468773032381357307875858817017763589672515897957611429939904704628040071415383660078172537859649068687032035084578890735243324802643
3163947146191075750227211982946566077898007959751170738565468560129925548229354834158801752518094253512694734184940458658750765356215003823702665563141834 1893421459062076307042252862741111741014690544669403007810811641594863367670909131985465291428048319286070405091293489246187134987792485459932084753040626
5489047679402624896886073193323050504281424162448982409431427003222249197201858646901296369795466015451927251158317362127230385440817461114161412683456851 5963262928547983541708966515864749172383810615946668364464831737537839455686990935270318704312890716514345255384863903423448919698683786594993809771377591
5773343649040457522345949351274301678340584994658216999182883825261590107343885881056898431102638142882476932113300813928920176528567402485877836046798578 3691574992706848881927490030178408937319932402472141488969749131486685310791661813119187137711621718214848366251939352519129705576907606505199463033921912
9506205145183696745468972121551023167984499597477913132840594070600631849525960688598548333870225946043891750718163762203575987753343577082392123431570584 4491012513454360429591019574426658883347055323305760699854937746914979566674713948663058583382257645400211081122859024643396171052631569412804120270018545
1894450853868397217557504227270914509165463974834523982218917808205529925624309736543976836268100831203209996664634641622680432142911319608514158079290941 9510235860147567341883546052658177319796047878045511185614669171001290892744625765881641911077904409477607649744250114531670223692674411656673594344513336
5635761306106919478097078271095346549782165882015908248860528834940197576832265258578498194240678171888639623899678766754867934668290034432747776616081988 1642587062542725529448356143341142040465589299670511956719355337070975400637432652109167058374464743950703338806754241156363342482098292607939975983751993
6868775779803646228664928267826203353102303889815990631722044480802757017821952268328661496770256854973188225842756089170314013495245217426239382266489792 10826197392750805983163010670129138391466450906448707132512827593737660841076211541752120460044791459665569401934577212898225960092390316358056454107983235
11522265713603373230635003710549167833332290019811373412256646368524811003269568238908129661202244395850444696630160116894388582153984832184949055944223024 1263786185898025930699850309544035740698295984475143582097042756601606944696440697500076364341204035629766460500308572281355465244723859164244777418578897
5534793189636235184765104842570679407678284763359676857949724212773356957046891466343691631361938107973779921336104501389202792393239993749975907512000831 11352982625111099824547271256499022691764671115314757546597762474821049592132840971062064119051882405704294371761132544161471685427489893496115752919552605
10700822074158561758988350152507114362220118657293977421411088734664986953705135438203846026931106703597156589408804939548909757950955322113305309279281471 8225738786785389754872282983964475901172989347107118538288050507899064847861307247950898948804742653287741011892649486052718654010257031104365968254771133
1637635972217277364548609970332828782293153419336268268729862883148385660958473658541420387229330249276526818485327130362988227220514443799392057015593455 4960263557178193655779898697788474471659169892931334276930462329133658773992256257518647941189320082275303166759894305480321394199448157299035183197301485
11779580029437592784921051539492297094634275274969935353357244782479325208335604704552525691422527196893410299479502441326526909389359382481265646714264492 1141101867129942340634554640637201829540820028961627467901028746649997606292687221251590568348212547807528256490077445944756921485396568086317069289696521
7157015702419078932141244537847297989571905369499809320814810761363482856211878706218370403944588336841167571150985120697980648680170145438849144763871652 8811117392802502232515718831057726928983564717510043396922069879060279436197404652979657272055184450915103983451307124750365944803547741480700486532603356
6608720347660641560104110112043825427957566563424296243181485418036128397438505751586552716279060004854980992105858263834847857313286868795520983025667763 10498322642057137805788396331899663640428087608849350073973085152282850081242114827112704488435799647234873568215390277303900942453393623777304813624610013
6815511790679212081830344214145621023662948929540949360507462019401888688971466753180879716730586609269827261963990554231043182234282115504219232296366431 7207179310092964417709691223980541348784157911800022378196558961907306127452661128212528022948758850625016528536230855905916443365438869310809948701629818
5470158065385792008750811637700774300894390400712096456881545423815086305571101601992670152749568177089876335385699791368474446779734553941787137097492285 5667331281840753235049779560193712403747307792252434687913064655276854509701752530454610258584455031337022202896618686974561775021317209527380214370190481
2490490533071283268357982654504699035464361336605884509027871385912749792074764082757868848939218767010315845999444347263752390332760338864621447822109834 9975389448166620657368158444850863622123571172995643342620432852270639794058891231990519230590868023246798885946080389896110791808958068526830490848485245
11353203487789170249308959863552436192349694760934877536418672080170633812157212887973076623862725158377150613924766607889577681541865860546623832474747848 4437675010327006757226057253218331916451435276391937621478893394497758411503774413430776745017976184536059422748022260867308924053723026495565112902300783
6494042077359991940725971264129849869974597940321119622018425249305808031856831817270229841735366154546325623145975456445446626160636941197739433339894442 689478833902092202085213869428479506604860430066908801009321825376269300192556334198389525418515110132955192500700732357336316768883415521106187912173274
3126272481396970771248185082832602632817619934298515106254808154842559213985132574351856561428474691603337172849998231492829061356100119714668023311085579 1368774385482277985143559569086022251443517692521415327050319928474580037843404930773725803438870966071099871823303273124293997754180461672956978139895765
4460156502669002642463657385376307821991775283092109340548124057223489047356728236549558330289410659594681185866856286882526060012537017853011577517565400 8772932816364351685558632588849106930577521241589174615923823565325978382793735162174274985663430075547989039403906629564542151673166547456601966271558232
5814644088265552952048754018259953321115183748575663662211302488970869263203243368259995639532460407447683312250601899991584422921275564083693510333107194 4422411169219540321098800732122730338073915861281033048738821359709192528900592738685719538918638684999060396796237251070761328646055951849124825041756861
9582090865044257534622490275160876302491430956000647304203970802203731799860527138231997584373071970243717102047587259482616529695446288194494964368994939 106102045432063687365960816089881262129749089764119745244244138877972810900778377785661186904382355354644547670095700452261771314105947939617806064877780
3339687753549037092752994221615209417103219658269405060542988396941990430417937589026959721891360108828511323554926748189508775330211421629254975364725154 7615653598097943867369825278458594644506917710951320397135566319934741418377427089084020616097322642283443960550378793997748551786226127576428074725021314
5115904353693502405984750972897188094359504028495267256809096737553193076194333537474656584226722854304050528828686768426640177119790705131874305164851584 2107011941209840815007756669894778193396305338056554479772069298137268222810558034083027683000464026017042845878305531958319719171640496098716963474140223
4229931925822520435226084434122702415935584812528865605496390657642291121461501138121976164605462005654710283870851631501639323292743745892468736084934490 9949144638590940788602632891535122562594027345744894511492760555820127628313921161873509338160472527287813440579760453128717162902940024739221602384357388
2429411329635684032693405315580611480571771648262349779252512596066507943179695286309028842151392261444048479417090962613176224983215938981771382229288862 10005296201018383192475244390931324783722163913257952248645332801252305898146796401354334573230684883794103950719378274175270137964331653463266166157003598
4631992696296321730919742066263934383125564448838532451374335188273734662595982781054602103899555745190259824662872376089206787881273677833871567142302371 4593176268263056849831777181801333302714502548848965552372075246048341343246411867065087328963513940495390139775877407364635661620140343967564892957694603
1562462026559893366029907789632111493436019068611640990657185543232356346212797675962868111543077866593326018514975806328876221815684933431370259341092201 9046965337835681204350055633554870881977469457382223983109845452192964206639310166596593367688933191703926600889422440877555143522050330080532704308563865
9300898130096570275145642728720764718476325641152725361927291257968832798587836210414266355562325330991794638423599573749142756602556266236210088813026075 3836272694201090513249071456540614745798864194341851183148812064595584630093326374509525088446520328535487233360721046380630372865515587618321705002100454
8343665028353647433884329264516619256784583070683145363509411263884558195829778220172784396051649624216255507594283205860401426106629392237934399540149023 7375314239380848340830832316900065633353113799631607062353945461780208208656151070586564225350160732224156787207150119724663616449485728830405428443544838
11033240491843835415737722887606885609606514217851807053090343569537165825688017890617381634409141167756620809293308352936930427982019950152088610683365468 7302385564515178823014981585192754454947145672916093486193739253237800362012803323745097294115298117702031575466327847259031928020251152506275679241106138
5383131439626838980752000086597795160336352415007067041756741871611373829648493268751661929961933972916420792124241508258110082845878030029494034345699541 1470056440238306729500109639701894604957880573214513542987742064537250659203470903451668090594319431809950375642506263655256682365630431944690689001658222
9615948362441702150529089639180782155557236174113527673348172116773810964029371095839914633310105866691543282424321760828375891804517041325684374772320942 3645723325026989476712645065886254952439523055197688683940393237420048572193291357124939488358914704243306531624516793239290233025903482508589046328776122
254439209433475703003987522842602233464756687052671168242538686021240692734629354828707826627179557973397093274709587758284422408811362698666392549279964 2442172727583374763521814706626491221879949063320761582100739779683274809026100650593667167503237554136393134066221926669370600988774792710185482408973284
7983727903090327297708485006113974847195854125799255873260448624751204446398647639342733003167974220725473817426602714115412760804544386881623440687232241 11040449451608201623787239867997249998656069598385129306942316446818670458032498580921751051476168813506265050078778198153976664216014498378327237081571102
7383330994495470276324972266908439915800818562523338176778164524925036617952697261271754252143598242883413385239705710453505496833905234995270794674867422 1282809154161456452996874098064548820299521255538039411434032102156167612775937690470778747784856824240275613754564267933631259487402955392170712390648827
5644027570624280659624587817753440836777213923790240851628135638516313672716772423673652748873773801016426719185049926257232661917296597843386689705798061 56244103578393095462854499230635677051964650045789325022104937061175966519326820967195103029846632140693440789243188814757935489050507533058052275299299
6987894554906930569949236231109340376666289975804844615892210770261655938872811131152116178361484776528955237034022020935343369560206603663120906522728700 10427916370543998118032098278535501563412976502545395032210671445357823258366482352244201173806328953024058073924249956352668491360321190351096724656099177
7624230006379040223072929991355550341002135783385224479908143135958765402250511988409671213081322347671508395984536878604258898980592486798044786552441147 2956662445710899851169408401349246551177896273624671847617420677989178802166849536110271602271943060029439491942922195905647696343469050521465303741307706
7256992318311786762106282355346921499444114255668695166088450087706710859276282227464364450999601917794475594462119076395849660656797376065874272521730181 9351606348567787118460839119629682402950826670946641972240303851995715194922745916318793624375138167856498049581630453056529027376262848556864629005694250
12241048255202643070000611142975960344763501397800252802942410775095446942750863296999808076334621650541803937297501136422690944045861552242679548001522502 10770630672600185152839061026161391131129408001253962658441883331133899481048215746523907134895211857491854305585466476797078593427266109794241398155241922
6206121252997420670943764503903764866745761939704719640134020011706341495315646464819597918046543781436763224230685855565045548369004953113115773254519006 3629319430209600439404526735479926571040989434754870250789127292602799075157679222227836240308857471674715477914254817540126086735768196453419452822726558
1559924034473722622828225324960107446398829262418439955203755802262251546288583536317406321010960669543321051674361862284848166666429632928968884165935804 8398583779852835226261704526348867206947779151280161670512984094298186189825752774523989342496103769357852476560875307851927951472085306449404807042383251
5852277509109423032637021993764337935691993089363062248201345689268889154061904532660278222890480802478503305351362954215443975906713405636731655614350805 3358895513059998409092406008986296327082717974722057205720847161123264166305744167295802037437595691128602394939915713308516819312808324807096140924081956
1653017714873709161685137461472973798892561683792280461779666305025491375341751328999779096098950992830529016981015950145561289649687590150041874873831353 40914338641345177634452003011420568417083650336143809584899972615769956522783973766650443726947836876327153713767166337680643481339693853914414669554915
415755685684350429669350629456218952656542303377955755425167736390530671562426110415659768532100533258987046960743435483399602131517691583758232186984573 6881734317212164520050282787945388698294971394011796077010010174999833671138370399035193906238836681803176034067062554810745380666415141069693346508393985
1389773117021419477367188930028331550672938640525191469351841898363189366101612773328569364906711396194326111928674168818251443662847162472446981615607824 4991101965688379832532997055830297863809974751345236030625826203987280143047584811093120520270599727363099947018885693595267215131099766877632044731238075
573089732169919646713911129176612644245320578170419559815883667260367706624091899272432560580777557990270515749807114108144570729298568308178644119503011 5758839936777334059584982759328907297101860170906271696676612163875343943207171940910231897546452174233744746812624478885093019634001285167560899222829811
722526304502502593250041296239664115737023868566166283270419394916608237297535542554020642338602083078793452425583998268970945345246287122076903537196406 5157120440196961521142414122070205038198491597358889108813185436451248531112928252329695507109459590220766293864012341272865704632510298128488716145011594
8534091171209169430840328208195742607672133734039533287996942540995091472329675298854031480373507175631872201566050390005676413201852438824040920388024848 11312728928977475675856982696249370412890713292836598210204448020796106207526455371768912436016432258339695355828866799440417468777164869944746432964535243
4208631650494194586963277053731236308012638775752971216796086238028027564212094863727877010633079364510674004698332417522314263052318586871977750647983420 6873077125979373102471975109362706792138280601341880360258935177622339791700768430434395768179109261686606743317929909878866200910179008667771135554754861
1703382205467681442080005104994181921151694707539916884641746356132920012345932374602666652722899021356442165496882288432462421755668389820300941635948970 1561206133973225426779463795515785521904535476010902741679246995331789785287111062734863076753095314297567281161052299520102190875541934135724754595329164
7175886046458497619732262797649428825990303823342757661110811402227374972717740761678681626107027281500649521959287300424582114289726368168099836526400016 3764067954301380609568554559933086352807426238789257848472654375624250120652154202960357650309530195463446791505973637376302827883731295397018015394319981
3164983607199562688314584006761170089037001023522102389326179775639602180578557495696181277479945997920683115192304949538788959604336627680958569557003239 9485672973299903524214193901132649045125151392130658196532093959809156063033694814140917749396238227386684956286915264970809623850190578933355513545001323
7201258918427058686767466255975301569661686434890239322952233429228188031735550207396396832376022511840560011133796511414186391567973932873971037010098111 5579506569937127299445685185764199920557820178103326270548411719301212307941134011143276269471655201184458751202944839434707645430517100147916231278736412
8128106477828523569252054973644191450882209658947826879221237831528395439266012073178984587648167350985965728620914573909723516441083133656876204621126989 1802191769934091686400511190824752640953549751701218848469111561724723493837393615287463590970829945372212814935104790071148971363461125283365419923464105
1780548134671876086755880810510922463042321354453218485650984315632069891007649909428839821305699767352082126881282615547170410138144412584414388992539342 5292685446152058103603133296744887447676234443170628492603997755506976341942865633485123894099264554608207233058843502363574284511947148862592558427730340
12220442268815242153756761743999899947436305547606155458362934698102115548880122617235187022547222769272950930520724682624240871717340860507569977169152040 2821493863873656987123523153624989937929892193712144208226959778903787613268203389069346772995703349807284903243609090001875269290636038488877190761406263
8493934338461247443126709371643586006153153808569863106930238057111875164775921012789255530936379844134280530210135176187041740564110099150181733213542295 8509847695632266262932934724934097596073935488897553505720134437332123767848448986981648866799406638750328198939745631558120321852584849059671425978771192
9417707641666446797325755993618017581699072434975983732723039716602215236196450444820871732769887879032679159048749011211643178880057271124851853184364806 5299567859053532889316766364065228627189139155463939036608512003561839244315255241837837291057501801726079479273163044628664033936410580508582023755240012
4123743617465987906299908799499992487366983622630726710411179996119663714709565384016436139235135515896636594344724915842477195479417722266177268858406771 812239029295369817797797873841971955840559473780637625832607064330427046727879901972347328349645169130094010406477329360829032272356807069602808204616624
7441082075146498809873918243515708617574083415707670740043786234334245543945859768857467770856547177221252678071838964513337498323468002030570584251951695 2494390417369352027168392246362327106380850216069550239383396476650100350762429791272334787250630879489331215740150367269233706041535635369977295132921389
5663256926162519795533468902273726245203466851229900058737036749978068898836607524792603855370644029769910143278693153866098720695552349675869849253640346 3201253268341879682302732141629022741358084119191819738794223405298307179790718568995475787734191559085029569205498168050804667145930116804841060199692633
3097816312498916199053083657973712032615285029017411709336042600197703283772233365544519587651843108346103415045278260379495589602900339442100809144777403 10329929854844443516335328192686659125292532316637792471114399783040235070405131325703019600412031717734775297499754093304364004024984980983869395449189487
9420360532153695246211803490194557109856345552444893713388377471528756515211880681356629893854416446617976897486345061914243038484434905217169643865322094 4279404637959788581232418225493215000298174088190124019211358347216751543412222287116830179705500599912023189596685911242089356117842835538986295177203166
10492252600230864285376041424519411493970135865575153762306871648206605411357836293999918275118237540109424240025952052646491354102207406716926093112129814 10770843175281639177153568653489791142116417785783524911060132723812327767046361760429471451926042677294540206901821878706239844306913689633888944358621717
9405585759262151332686689493251949062848797250970397469440949069133394164315453139635435797300866836916053332058913002702401707596604387877680326983927940 8636974324249190063848239211551638170665439199935319441835572930394337839705266390557745629023609963679642362450549793131187711605290955893496574772497989
2167913985500190496590323931094032886829573581500290285116291154589350671767803233641130846638479959417368078413147941408928031890770848728339838856590815 2288988058550069186315247607043271786283381661896945625936239905770915895047841369113869806183485087835511629423162167190371515194380698532563718630533117
2342106991272653389972726601737073667299497553714666407176537560779703600942983436424074042865902310495828322210366566701137987926111225805874516320731768 6602141333070498467279571822274798636937715806862116783209088595985304694028715748807866604619654587701775251397903754405604123761019960205191434730120374
5508781514983720989484045441976777454606216373782009859151535682511514818820413481103544858831409364365668835426250159637448413915235543055075850079427778 2320532675239660839056690915671193475012375820703873554803223182471090426901824574893223067719558206605664671200913531971958535702247473397970728694795935
10711636815810053571601487817625889402762951426643231759051053735550372823417366381320869420687749225875907837337823554466295512107433030853564380305714420 111473322900739499134203594571700484154523112831279114701569704701724130405551455933336409747187606503604791206495165367964637085626725020271469433666715
5936294630795945810070191885275672852261262038100855545003011625681981147033625313695085600117642148682251620668444495861174452624627390544654402406759780 7470832475568364311909291619648492369415958631689614958265468768172370598862349000580074807898535187609098210852758364115472612736093318718064700417448994
5692866367951907738594744006954025347784652403230282422585280233652620672134127140239635724833423855741733765463785587124108402160633788588517340477307638 7703882244579843991552445282931947072376563759190400651988150334836401000096793520083293392164987190855711112396748657772805438163898100744941040440249917
10398245462777437404672063714588377982318118912042280149729981545848913984321079621709314512623644782883151482660955453765826374634683513550436422841623760 2509259900099996681656804070664303111183460656702730253315450522404087711917047500914584770941738135977753726850822798746517984338674147478263921080892040
8559752277196336479973267200909366137226789027308664620584656092916561654666427178586874312850622934264960254710047542047452186708790394208045015456057853 4073829590676561251578659851663988680029596385195533102457610580860825094018936310646641128834161793200455364985536395206877229059344245520014532747474909
1207607747588821732071517474680309965281813401200330838733570990352158138245363274263852134867810262047175825400813251025832407688331000682882125908541736 8148784089507022922504207958795927826933544973335384963637800196774463184472747158140164745112668383053630390611766526856483337773566564885108856277114191
2267424470471017547647720769155352951529906073491356287993330385118889130849698898367185742534598543154159909374672359141179577325447084393887050603266105 1365673983240894132888371511862035844845675771852320008952433642501775503401046905571086179914686754985066463443349548935723916252965105186627829313744909
5976983911222785140682230249726153827250007644274322924636137225797294116224771511089323472320382870199303997160990861763460353990264075548394255184089871 6822565476660016414699447517887251327346672937472201876148165914380799970668205428561734898637997546711860361136987336440030476038499485497686951066911624
6080767160095461033719046488156063952311800580758413089180957200986362452053052848708323967495160301601805699807897530776574864966558547963017847514869651 11638052224188626313746164053817335155188924441231643766529208274618180054596503929361533431230593693619757309803298649319359245017017835868537803828105132
7352530628587848875569317471631677803408634019166825174963737163000521544745542612879453746964360577198435900725939369029569260988280086067469164366248398 9954978777674733586931186560284630366208972954938255204412766755454692272667520548462270865906733449307320975971886791609218044725896490166771675899977639
5910441854431670825044280882192971580329783029751605471512437878039091161256253283163557707327206638630478346341523508768811318413182923790333075481910268 10704865330347856637373251937359240267080915828706002327052705796753154741276845066398060958303828292588258793702651681464334656583041901942579356971418693
7641351491863036673267456088259464397857213699097433912672038374565561516761932468067881078306319414322511160936101865724021438542386769504385908202208314 5285325955677090865954179407583552200786966366532149151358468099009470839136837198754192547662948677714160169322336986207839173257226044721804125381619058
6823367717533647033510510758962207132034189477383607612907897675248503913978070442539145085028185025106018188296194340635168860965671504247068246749291252 4629900669764598393493224476040994257021671180017399509291120019918447283494704674713354774804054552155782800629192613892157273136813781817516460863733735
2471263166883848296373948687547853353435094920472243680480550048314444865898236424370436660646370432810408974665204355900355490245217753807347456932374064 3234715886377199885718771664566344486298871820044269794591604873068846815480453001740200025936879318812751053208611119329911723933572787339581890563525032
3428283478082515054124571429205326992561123372672377081473663669504459157374421635596130218029347986950964822395664803617804291895408125751289832599252580 8332587317043343570332987201287597253431476004671096477832408211972969725783748190741140306956524749920270433815541621090236835827615028942766363506887504
11278645550592341297539545876690760758298039309110190456726196198553357363396316716706526598421291306512573318183984926659711986388188866500899197470291494 4183618316743405727508360272914652188483970354215915794714677339044177382498381005326387159384683989149005732527444094751904124795670389802264899252269778
1315387446389418722371338975397911097166152758853641756225971343073021565562524050200766544636795893460975525334097092919860033180111525201848101161654519 5205187674372301243342559459923874486066372055005968073239823506421548375231600319267875271938526079764538387665218185219574013037446660598268538830453320
5791732308003613433019287580926472654544351425706340421729962062068403483152970540513625218367438403015470031071554905840181144213434349770965216193399363 6143262787799473526923581456720774528334451437247274949782456679899890717753740955953110550085878071040772370536677386382687931920263982235876366352577846
4008066057196810417334753605617363960632689660554730234100634567703588805861638164067722137677346704790778588105314018351868731161606449268008707896988541 3296792800633212179989445516522878816174378533215714164131946735270341645974716541495961798424288401347569866144650714029881231413954227262586188828577986
7498466991818620622602551628325778641733625714436641868082371275425063851060493108324773764653224678131862566558189604710812513967528671869878986060275259 1832908746822798524324783695109439572877217401900310647358774443460628914853982975826925441560659908380908066379521159752770554429714571979046902380859398
9639174636387480843492530871902980625085500648263440236495048907622453731516039465954574418196658277495270014858781918401996520695355190096640504219510951 5702662751254270338655304565392921931224166864311069447897424853071238299181984546290352357031112092975652248029783937323763139160191609764144738525639582
2112729072078870432526813481240474694179428649682157909808750867872584081375599145602990260267174487370948493613931687812720254612945223490174041536520782 11492296639336101718246329435647530892156478487560185900427687850095445826838485854151468950729164964344002725165084817109711474689641171345164443458574040
211075491248100178913769945757334233440378245325211708541583374027060356919196403616631571280758460871531075111749850618612639905630588783459873793253217 5493006228650526863348895604032698382528125634430501692014096100223164067708477372228037966012998653081688834426283719989629055489648422697416038113690759
7672551303294111177379337709829377425132945961837671796628026176577040122159757503275342410775846489110335179369961890363395765599415185690456819946458598 11667551550245543573018656838107366570687945396228865052380147012390981568756498611180612568764497047201076537283419384543756800056119198911746253195559907
11154175023316923297343301332062671931506844552481580602024865353074007162802010635913878993382473623926725154513506227067954095582043481127039698546359396 10609267020578770695624351526809644688067266241161349082416649527061156276557354439966537181876689962849217989383957049373366738799677065241661340060947617
9788453455605630623181445657904383208361809242286771096045795875571742642420301560563481700054150888014290929837722201389591898212922502277274988308524460 8392844030528653451923694159434798713101107939679284137738488039764544061951034799065598027547596189988320186660630740570436262832145404154213901448129479
6414291894476662667058978559205430228293722910215018521591810050033879681114446415851879596163713766515889409349520980744469119573365190403690939237064993 3017244899905048904533652119633321889419017593905620463833274135839368330346820693688455644193766031181063769984814068236650313781221243024601038356653487
7514554717805446099855843327477034896719470591626549882699772645634954266559423916926078048295646355594936381544565368612021667157818919111473674521978644 1475521515410847950176010445241069803259965204308951675864901620525433891586147692351310803546360672893951612756893044183754618847919701630311020741185300
6862116093080310842614452671221643596877187543733594322281782386939422718226265805731025346057559398379144757609426938954818510601481977340541777859204789 12023016259421231117640076866635212224000755148980923402817331448792720046451507178284404189532828466849989401562942152349855210843500976863137859054832833
3275208457356548542485800113948486430488668056235002697667325060080540147496283282745167292260859776986825127912680997604045710597088687895506208851415930 6356273007476128430812424636226852441876141379417629340651864612554853017793077949453478143965687251634133037312455556289152108686862267707127729756418373
2982094662977063219076516405576878593674108048500060071661091173978461639415328404508145267708790237634539409424455955832377393015938110853816563400930040 4749591572829663063858872859915511997364824234584612930564131178267824509595921968653109729583146077913447710519703207796352253216637058113448927483919251
8918596315561289911163446850815894963332884163623000887659237830878527931694110028908460113901855816573197359550740687769205731473235152653749143933451838 10033095490478708259542689966046526989004864949011970659788288814571482864770640114072388801978782513861334728859121530204542654749509661549353776132953970
8977239425069948398345207450465403241782530279783794693677886178907042512085944296248095176177443211020503752529927343296604463372824557202408031764600160 4101489773737801549608491215904822786359757404174760790099989519044697846678081993036791535644047122326327010275565969539536084685103248576122367377758718
11359624426126616057708389200195510656436734017351044106677113641804252408545436362512068585262743002328902226869791570262344669448001367426351859423668867 2608922788427987531469598270017641651507878578030284601785404420212894466287668814087186895046110155949654458684635917794546265484952516601565426922821578
8526709802585925592071342189041657085387275083289501225120321985478118715752083369603949677499426242534971605177792251018891196497125566127855141805097345 11113538858829633022289864800012097719545746755674659785920704655104927979946967140094585410154772300438962596832721590561595751661945723300356613934186135
6383318714886492515724988612048622035627106777444361117388502016613459655328519524720480342364693211125530808363409190559794699812603664292182992699531850 10414412800804110372011645911185682337252405737352810443535555969792198009404877546390811411156025784588916663810646565614501517308065822566659570321990204
9933084325922913571162252036974630196736972732101732173135470572874200003891570494734193252469019625618880176263737047025590472838386091725479725614345834 11435038973282557661287757065036657683061380952583971086968952050629530513183628602206433794353226074081424404266392722864644876604799999296316112711404977
7854622212776305763632858075785104402303356278685782884269755440054141859352226607778987672954614343927977228438504549559179066010660539792683005203259495 10615234421080780301134171109025578415599787757452372887579559973327953873047684091629933144921344576981056861404794324111345528665356682526736555793159210
8774375690405648097116669301642501828441676115581053101535823272829760964551021236100917823303395104626729819841711013498771872819492150796911693055701682 6933791746859513277400574523802215636874081430671736131631055625096732020280337439837125289656227311675327726618553753085801804042138835995635451661072814
9879374179248401820226349843858214044286019552934580013074340504674169557377313278081673734785368972626167210614713829290131710415832402430887011669680995 1303034440066601125310342446420658201783825471148190070702818501522595117414514943858718306730290651518909484195943176112097243461092815126009716037666150
3031947133600520859860310442065418979181715492318533199416052270108702985489021273074470577442587355624557899577198134632465630052587782949050698720352322 6293306337409312860757239638661193501601744012875067015793557592060574914303105764937071618415165256185009388214735754844750020732916869832345555129763207
5136251702712088774036547126280976544530378265146918349750452437186999093376788494250736063015589659788699114165987328289877482397093923655409534667576421 8816362909269015212158970242883821610567784432555597049584726612037644569688812808895546889494324336088499140204289336585954210268142639603695788480633296
6980333801417944043665897545196781992831000726729921753824006924344287623755222821525644921821678549906139582985382424161741784799047974430313441132914899 11152112766899264999270745642185088443455705881157593424230720482593493021120980335691526935301385940443248847596247925325980805295427829849390348992428728
6343868910898611621375748727205576139972560237517917078808011076758449513954090264044224477893161346105896246933881632759210534706598012732540553901331964 1066550944907779862052781535072811860170025676276587125219233065815850034319020022289133018064864696109336419794150343825624072309731584822780617570327933
11892765850817629197525837273743020023738086081832190455071546025140250474884541294038148961849492326579980580309844781955479822906119757372769980986327682 6915232475470694727636132200270725667988118438268665873874963343176655489505336024917278505220470581402010707890123876591031521342127401603689446250630125
5098878664544498935775909698895492684950562931617360214891330631497580794249998451502995148277962640219621738081800103202041007942266216751981496287095016 9190240116134886017125740789129223078518865483098745544977590630221434075237017651900913593482725652664543743249230066452776405015838810745777284724032765
2489565831860652224260909036544969331330817733361685290669485562249470400701729045464471942793978441515860700832662165257834035011415520546871920996229431 2148485556502627185775066966602276904320403161134338873428638525517766001242487490577935912370780010086166616061627436056271734931384868535740469107029677
3140937001230499645205709722084585988463689465997185277237159134839231002228397217704068146252682477786627783695620616730118462587906146429140315167399749 407365998403666227720382459991208444538713561326311344084395803195982889505736862705859239261319212559368522816546214988085426206825873975271300702392380
6461924305768413278065017787972930992859849345592639875960256248894590581869662119317822407181334367580574215105676950510246578710416751538796189994609076 278898200525540428458892047108539211472484427926829997545355100603853874615295545311495054994791993331439277266214702295538144903180898726938229047805118
510998888046977060450499908636873072951766439605183819556896158222559032624541679159601997193876521444095430189196684339677622524175228884806703430491219 763353844238235303307869962905860562343444400398206973340474168877309387052379350081336854656998254822452593838388091850185747291821524901070417312468336
404575948759139164372282669232181422572078198471196095566077531824613330553371538460142346934834700193635277325368693732733924950047306980266451390706360 11734079802418471334312187014241049626962774043876669677805774102931936490393821321179087303060739606159212104809542249704237217573775874368259701393371630
8725224178628532058634969483085660382472485492070394802465420177366606433729730471119444682725234835387320043485555870858448407022553855245151630314280811 11277691682993225975965889101083043426247455188330764457475970329366970388779425211734970481306945384336733624992873642936147960311678531133076153622931763
8595586652104443498330191126836711350325881685197914098815653426091064585562280015401867083115838178628164515656684367089844689990458320133980725916601727 11714838274876731108968850802822188179735097250797558618207812834415093746857846742087798973425781562833162390626296523564306212266784308329936722088186697
1033795859532490375328319600881219519331693405472026052667637175685992293793630261877103688473617654938141608508425636175778014847216483925479001771177944 3730015299869770987583169352069982863963037057138751984437568260880277018019217243128038737746998802652103391566453061439951327402446547372280155964611923
194431376282216855207364206366866649133757128076329906226081032469882712493910088431332590449645984707665539845539646800209791238782961716311905759557598 3277438525710462197737763483874574306066983983475701936754537969501271071194695082703951398625364671069181412892852681099893899004076108778902116680197252
11275058710010803998843084729001906555518450922464999972031551612043152830500654829921483052370973260023836586007098737450696530105344662287229295517000515 11951712586821000928551899983392271019446308339352812656392831449852552628104574527163108622987481741040275203669149022120013892461080039187180541850572923
2352111990399169146490272959769087932303236918164570986915638094476603833833410456015864756093534722088685759156936063143204672033487259128008428478940848 8841718603322537829437167267985936176000940692542079689397481681265296861858412857623531284542972552319500665165684482190661972034242639114092028624517320
1216941123399550374686312210804042992915819535856643043081755440057810258913523110244453671371327064139561169204174476420976896004531159277094163088708318 5317758845581202024454876073262163379737971035943989087822835722777861597089267464528119060467233235335808123203974905272254359689328705666719638471600481
